#0.0bpm        spO2 0.0%
  0.000 -7
  0.010 -10
  0.020 -14
  0.030 -17
  0.040 -18
  0.050 -19
  0.060 -17
  0.070 -14
  0.080 -10
  0.090 -7
  0.100 -4
  0.110 -3
  0.120 -1
  0.130 0
  0.140 1
  0.150 2
  0.160 3
  0.170 3
  0.180 3
  0.190 2
  0.200 2
  0.210 -1
  0.220 1
  0.230 3
  0.240 5
  0.250 6
  0.260 6
  0.270 6
  0.280 6
  0.290 6
  0.300 7
  0.310 8
  0.320 8
  0.330 8
  0.340 8
  0.350 7
  0.360 6
  0.370 5
  0.380 5
  0.390 4
  0.400 4
  0.410 3
  0.420 1
  0.430 0
  0.440 -2
  0.450 -2
  0.460 -1
  0.470 0
  0.480 2
  0.490 3
  0.500 5
  0.510 7
  0.520 8
  0.530 9
  0.540 9
  0.550 8
  0.560 7
  0.570 6
  0.580 5
  0.590 5
  0.600 5
  0.610 6
  0.620 6
  0.630 6
  0.640 5
  0.650 4
  0.660 4
  0.670 4
  0.680 4
  0.690 3
  0.700 2
  0.710 1
  0.720 -1
  0.730 -2
  0.740 -4
  0.750 -5
  0.760 -6
  0.770 -5
  0.780 -4
  0.790 -2
  0.800 -1
  0.810 -1
  0.820 0
  0.830 -1
  0.840 -1
  0.850 -1
  0.860 -1
  0.870 -1
  0.880 -1
  0.890 -2
  0.900 -3
  0.910 -4
  0.920 -4
  0.930 -3
  0.940 -2
  0.950 -1
  0.960 0
  0.970 0
  0.980 -1
  0.990 -1
  1.000 -2
  1.010 -3
  1.020 -3
  1.030 -4
  1.040 -4
  1.050 -4
  1.060 -5
  1.070 -5
  1.080 -5
  1.090 -4
  1.100 -3
  1.110 -2
  1.120 0
  1.130 2
  1.140 3
  1.150 3
  1.160 2
  1.170 0
  1.180 -2
  1.190 -5
  1.200 -6
  1.210 -6
  1.220 -5
  1.230 -3
  1.240 -2
  1.250 0
  1.260 2
  1.270 3
  1.280 4
  1.290 4
  1.300 4
  1.310 4
  1.320 4
  1.330 4
  1.340 3
  1.350 3
  1.360 3
  1.370 4
  1.380 5
  1.390 4
  1.400 4
  1.410 4
  1.420 5
  1.430 6
  1.440 7
  1.450 9
  1.460 11
  1.470 12
  1.480 11
  1.490 10
  1.500 7
  1.510 5
  1.520 4
  1.530 3
  1.540 3
  1.550 3
  1.560 4
  1.570 6
  1.580 7
  1.590 8
  1.600 9
  1.610 9
  1.620 9
  1.630 7
  1.640 5
  1.650 3
  1.660 1
  1.670 -1
  1.680 -1
  1.690 -1
  1.700 1
  1.710 2
  1.720 2
  1.730 2
  1.740 2
  1.750 2
  1.760 3
  1.770 3
  1.780 3
  1.790 2
  1.800 1
  1.810 2
  1.820 2
  1.830 2
  1.840 2
  1.850 1
  1.860 0
  1.870 0
  1.880 -1
  1.890 -3
  1.900 -5
  1.910 -6
  1.920 -7
  1.930 -7
  1.940 -7
  1.950 -8
  1.960 -8
  1.970 -8
  1.980 -8
  1.990 -7
  2.000 -6
  2.010 -6
  2.020 -4
  2.030 -3
  2.040 -2
  2.050 -2
  2.060 -2
  2.070 -2
  2.080 -2
  2.090 -1
  2.100 0
  2.110 0
  2.120 0
  2.130 0
  2.140 0
  2.150 0
  2.160 0
  2.170 -1
  2.180 -1
  2.190 -2
  2.200 -3
  2.210 -4
  2.220 -5
  2.230 -5
  2.240 -6
  2.250 -6
  2.260 -6
  2.270 -6
  2.280 -5
  2.290 -4
  2.300 -4
  2.310 -3
  2.320 -3
  2.330 -2
  2.340 -1
  2.350 -1
  2.360 -1
  2.370 -1
  2.380 0
  2.390 0
  2.400 1
  2.410 2
  2.420 4
  2.430 4
  2.440 4
  2.450 3
  2.460 2
  2.470 2
  2.480 2
  2.490 2
  2.500 1
  2.510 1
  2.520 1
  2.530 0
  2.540 0
  2.550 0
  2.560 1
  2.570 1
  2.580 0
  2.590 0
  2.600 -1
  2.610 -2
  2.620 -3
  2.630 -4
  2.640 -4
  2.650 -3
  2.660 -2
  2.670 -1
  2.680 -1
  2.690 0
  2.700 0
  2.710 0
  2.720 0
  2.730 -1
  2.740 -3
  2.750 -4
  2.760 -6
  2.770 -6
  2.780 -5
  2.790 -5
  2.800 -3
  2.810 -2
  2.820 -1
  2.830 0
  2.840 0
  2.850 1
  2.860 2
  2.870 3
  2.880 4
  2.890 6
  2.900 8
  2.910 8
  2.920 8
  2.930 7
  2.940 6
  2.950 5
  2.960 4
  2.970 2
  2.980 2
  2.990 2
  3.000 2
  3.010 3
  3.020 5
  3.030 6
  3.040 8
  3.050 9
  3.060 10
  3.070 9
  3.080 8
  3.090 7
  3.100 5
  3.110 3
  3.120 2
  3.130 2
  3.140 2
  3.150 2
  3.160 3
  3.170 4
  3.180 5
  3.190 5
  3.200 5
  3.210 4
  3.220 4
  3.230 5
  3.240 4
  3.250 2
  3.260 0
  3.270 -2
  3.280 -4
  3.290 -6
  3.300 -7
  3.310 -10
  3.320 -12
  3.330 -13
  3.340 -13
  3.350 -13
  3.360 -12
  3.370 -11
  3.380 -9
  3.390 -7
  3.400 -5
  3.410 -3
  3.420 -2
  3.430 -2
  3.440 -3
  3.450 -3
  3.460 -3
  3.470 -2
  3.480 -2
  3.490 -2
  3.500 -2
  3.510 -2
  3.520 -1
  3.530 -1
  3.540 -1
  3.550 -1
  3.560 -1
  3.570 -1
  3.580 0
  3.590 0
  3.600 1
  3.610 3
  3.620 5
  3.630 7
  3.640 10
  3.650 13
  3.660 14
  3.670 14
  3.680 14
  3.690 13
  3.700 12
  3.710 10
  3.720 8
  3.730 6
  3.740 5
  3.750 5
  3.760 5
  3.770 4
  3.780 3
  3.790 3
  3.800 3
  3.810 4
  3.820 4
  3.830 4
  3.840 4
  3.850 5
  3.860 4
  3.870 4
  3.880 5
  3.890 5
  3.900 5
  3.910 4
  3.920 4
  3.930 3
  3.940 1
  3.950 0
  3.960 0
  3.970 -1
  3.980 -3
  3.990 -5
